Estacion	Altitud	EneP	EneTO	EneTM	EneTMin	FebP	FebTO	FebTM	FebTMin	MarP	MarTO	MarTM	MarTMin	AbrP	AbrTO	AbrTM	AbrTMin	MayP	MayTO	MayTM	MayTMin	JunP	JunTO	JunTM	JunTMin	JulP	JulTO	JulTM	JulTMin	AgoP	AgoTO	AgoTM	AgoTMin	SepP	SepTO	SepTM	SepTMin	OctP	OctTO	OctTM	OctTMin	NovP	NovTO	NovTM	NovTMin	DicP	DicTO	DicTM	DicTMin
16006	360.00	28.24	19.64	33.37	14.03	1.26	20.85	34.66	15.27	1.30	23.22	36.31	18.22	2.28	24.73	38.02	20.91	17.02	25.23	38.91	22.14	124.77	24.58	36.75	21.83	186.74	23.76	34.07	20.66	179.09	23.84	33.85	20.65	189.96	23.39	33.34	19.16	70.03	23.00	34.06	18.15	13.32	21.94	34.21	16.20	7.19	20.52	33.89	14.54
16007	682.00	21.48	17.37	33.84	15.49	2.60	18.59	35.44	16.70	2.08	20.44	37.17	18.00	0.45	22.50	39.00	19.72	10.76	24.83	39.35	21.83	118.20	25.20	36.57	22.74	169.82	23.84	33.80	21.84	176.45	23.61	33.84	21.67	155.37	23.38	33.25	21.66	75.95	22.92	33.92	21.07	11.58	21.00	34.22	19.07	5.05	18.50	33.45	16.67
16014	1708.00	18.94	7.08	25.02	4.26	5.88	8.24	27.01	5.27	4.34	10.04	29.43	6.95	7.35	13.20	31.23	9.70	39.22	15.99	32.02	12.22	147.84	17.63	29.57	14.62	211.14	16.70	26.05	14.10	211.14	16.26	26.23	13.76	158.73	15.68	26.55	13.21	56.30	13.24	26.69	10.29	15.15	10.21	26.43	6.87	12.15	7.90	25.43	5.07
16016	1840.00	19.47	6.32	21.31	3.76	6.36	7.92	23.29	5.16	7.07	10.02	25.27	6.93	13.23	12.59	26.89	9.02	35.37	15.02	27.86	11.48	124.14	15.46	25.52	12.81	156.74	14.87	23.57	12.37	152.27	14.62	23.66	12.16	117.99	14.34	23.50	11.96	42.87	12.47	23.32	9.42	15.27	10.01	22.69	6.66	7.32	7.34	21.52	4.41
16017	1694.00	18.04	7.04	24.59	4.78	6.55	8.39	26.61	5.99	6.82	10.79	29.29	7.84	8.10	13.92	31.76	10.51	28.21	16.90	33.38	13.45	117.75	18.31	31.13	15.38	217.28	16.65	27.77	14.45	164.73	16.33	27.38	14.08	127.32	15.82	26.87	13.60	48.64	13.28	27.00	10.73	11.46	10.30	26.56	7.57	9.05	7.76	25.19	5.38
16020	2020.00	23.90	5.24	23.45	3.07	9.13	5.97	25.07	3.91	7.29	7.18	26.98	5.01	20.28	9.69	28.57	7.25	59.89	12.15	29.27	9.75	138.48	13.90	27.18	11.63	167.00	13.18	25.76	11.33	172.89	13.09	25.99	10.96	128.64	13.08	25.44	10.95	61.44	11.07	25.59	8.82	17.70	8.04	25.05	5.75	8.62	6.11	23.65	3.92
16023	1500.00	13.76	5.24	22.09	1.44	5.18	6.41	23.46	2.58	5.43	8.58	25.52	4.36	7.44	11.94	26.90	6.64	31.56	14.69	27.97	9.28	145.92	15.14	25.92	11.21	191.92	14.52	23.39	11.44	203.86	13.97	23.08	11.19	170.73	13.35	22.75	10.76	56.23	10.68	22.72	7.58	14.70	8.44	23.12	4.09	15.41	5.92	22.24	2.22
16024	1693.00	14.54	7.17	23.39	5.62	2.86	8.72	25.47	7.22	3.19	11.22	27.93	9.64	7.71	14.08	30.16	12.36	26.01	16.82	31.82	14.80	130.38	17.69	29.27	15.81	182.19	16.49	26.25	14.75	149.30	16.18	25.94	14.53	107.61	15.44	25.53	14.00	45.85	12.87	25.55	11.25	9.57	10.10	25.08	8.45	5.49	8.13	23.88	6.56
16027	1831.00	22.26	9.81	23.30	5.86	4.73	10.90	24.92	6.87	5.05	13.22	27.81	9.26	8.13	15.34	29.58	11.06	29.76	17.41	30.67	13.15	122.88	17.82	28.29	13.95	158.84	16.46	25.72	13.39	179.21	16.28	25.40	13.24	108.06	15.91	25.34	12.91	43.99	14.63	25.18	11.09	8.58	12.86	24.95	9.22	7.25	11.25	23.44	7.05
16031	1632.00	22.97	8.42	25.06	7.08	3.92	9.55	27.14	8.21	3.44	11.69	29.42	9.84	3.90	14.49	31.43	12.18	33.45	17.58	32.50	14.53	139.20	18.53	30.15	15.95	173.10	16.78	27.11	14.92	174.31	16.33	27.13	14.64	126.57	15.81	26.98	14.20	38.60	13.73	27.27	12.01	9.75	11.06	26.98	9.48	7.87	9.32	24.78	7.78
16033	2415.00	24.03	5.97	19.32	4.34	6.22	6.60	20.60	5.02	7.04	7.70	22.11	6.10	18.63	9.25	23.86	7.57	47.59	10.68	24.63	9.13	142.26	11.97	23.20	10.26	223.32	11.13	21.10	9.65	177.07	11.21	20.64	9.94	138.57	11.48	20.97	10.06	55.83	10.17	20.64	8.72	16.80	8.46	20.29	6.83	7.91	6.96	19.83	5.26
16043	1581.00	35.22	6.88	23.91	5.23	3.30	7.89	25.59	6.10	3.22	9.72	28.03	7.55	7.47	12.82	29.99	10.18	35.15	16.20	30.98	12.95	141.75	18.17	28.70	15.59	170.10	17.17	25.97	15.01	149.92	16.65	25.72	14.66	102.78	16.25	25.46	14.42	56.98	14.05	25.73	12.05	20.13	10.77	25.31	8.69	11.13	8.19	24.27	6.63
16045	2240.00	30.16	11.50	20.54	8.90	7.48	12.17	22.19	9.27	8.74	13.64	24.30	10.54	11.88	15.53	26.22	11.99	53.63	16.42	26.22	12.73	219.63	15.67	23.39	12.49	290.59	14.72	21.67	11.78	293.35	14.47	21.52	11.59	246.00	14.55	21.54	11.70	98.98	14.11	21.56	11.32	23.94	13.07	21.49	10.10	9.27	11.97	21.06	9.23
16048	1567.00	20.52	9.43	25.88	6.99	6.22	10.55	27.69	8.30	3.75	12.26	29.89	9.93	5.37	14.84	31.67	12.20	36.30	17.01	32.54	14.51	154.05	18.22	30.41	16.09	183.30	17.41	27.56	15.49	198.83	17.21	27.49	15.29	135.66	16.62	27.58	14.75	44.30	14.81	27.85	12.66	12.84	12.13	27.48	9.82	8.46	10.35	26.29	7.97
16050	1950.00	20.37	8.06	22.49	6.72	6.50	9.27	24.28	7.80	5.98	11.66	27.10	9.57	15.18	14.84	28.84	11.85	44.14	16.98	29.19	13.62	171.96	17.21	26.19	14.44	205.65	15.99	24.22	13.48	172.83	15.83	24.35	13.43	153.78	15.25	24.32	13.17	60.57	13.20	24.18	11.03	18.57	10.67	23.63	8.80	8.68	9.01	22.44	7.45
16052	1830.00	19.16	8.12	23.13	3.69	4.40	9.17	25.09	4.62	6.23	11.11	27.45	6.04	11.16	14.75	29.06	8.55	28.18	16.55	29.78	11.11	129.69	17.08	27.74	13.25	191.05	16.84	25.90	12.71	185.07	16.59	25.64	12.57	136.44	16.12	25.36	12.34	45.38	14.57	25.30	9.69	11.49	11.92	24.63	6.34	6.29	9.11	23.27	4.31
16057	1980.00	13.52	4.40	23.41	2.30	4.62	5.51	25.25	3.13	6.76	7.77	27.65	4.85	8.94	10.78	29.47	7.23	36.58	13.88	30.67	10.29	154.47	15.81	28.37	12.81	218.77	14.80	25.43	12.47	204.54	14.39	25.20	12.14	175.35	13.93	24.94	11.60	55.37	11.00	24.90	8.52	13.77	7.81	24.82	5.42	9.05	5.70	23.89	3.39
16059	305.00	20.62	16.77	35.35	15.34	1.82	18.90	37.09	17.25	2.82	21.71	38.93	19.76	3.48	25.15	40.76	22.61	18.14	27.60	40.91	25.21	211.59	26.22	37.54	24.15	235.48	24.01	34.56	22.18	214.09	23.64	34.59	22.06	167.94	23.24	34.55	21.92	62.09	22.42	35.59	20.93	14.46	20.08	36.16	18.42	5.30	17.52	35.44	16.09
16074	207.00	31.43	15.60	34.37	14.42	1.79	16.54	36.31	15.34	1.95	18.01	38.70	16.44	1.53	21.15	40.62	18.56	19.53	24.49	40.77	21.49	93.78	26.35	38.47	23.98	133.36	24.97	35.43	23.09	145.42	24.95	35.33	22.90	129.72	24.35	34.62	22.74	71.58	23.16	35.21	21.92	11.10	20.49	35.31	19.28	6.54	17.55	34.18	16.24
16075	372.00	19.53	19.76	36.30	17.91	1.74	21.11	38.04	19.69	2.82	22.66	39.82	21.30	3.27	25.77	41.85	23.58	17.58	28.20	41.98	25.68	173.49	26.67	38.38	24.72	195.92	24.26	35.29	22.69	173.01	23.99	35.24	22.59	164.64	23.74	34.99	22.52	65.91	22.96	36.18	21.82	8.76	21.71	37.26	20.49	5.15	19.80	36.44	18.67
16081	1903.00	19.41	8.29	24.27	5.93	6.47	9.68	26.22	6.84	7.07	11.63	28.35	8.67	11.79	13.83	30.10	10.83	45.26	15.41	31.22	12.29	142.86	15.78	29.09	12.90	170.66	15.16	26.60	12.30	167.25	15.18	26.32	12.69	125.88	14.78	25.99	12.44	49.01	13.32	26.20	10.70	12.09	10.88	26.02	8.39	4.99	9.06	25.29	6.65
16090	304.00	28.99	19.34	34.06	17.83	5.57	20.03	36.35	18.28	2.05	21.28	38.43	18.89	0.69	23.32	40.46	20.10	14.76	25.27	40.67	21.95	117.69	25.66	37.93	23.16	145.64	23.93	35.15	22.08	135.13	23.67	35.14	21.93	105.00	23.43	34.57	21.88	52.67	23.02	35.38	21.37	15.96	21.73	35.51	20.10	6.17	20.25	34.58	18.69
16091	1384.00	17.33	7.23	24.42	4.26	5.77	8.85	25.85	5.60	6.57	10.50	28.10	7.22	14.88	12.81	29.71	9.68	33.29	15.00	31.30	11.98	112.59	16.47	29.22	14.05	153.11	16.16	27.03	13.89	136.03	15.80	26.86	13.41	114.69	15.30	26.44	12.94	39.31	13.16	26.10	10.63	13.02	9.89	25.71	6.85	5.61	7.95	24.36	5.12
16093	1533.00	13.89	9.14	26.77	6.87	3.16	10.32	27.99	7.82	4.71	11.89	29.98	8.99	3.21	15.14	32.12	11.57	26.63	18.11	33.83	14.30	171.87	19.42	31.52	16.82	211.64	18.61	29.40	16.68	184.61	18.11	29.52	16.17	129.54	17.74	29.18	15.60	46.87	16.00	29.72	13.07	10.56	12.22	29.13	9.19	10.66	9.69	27.79	7.07
16094	1570.00	32.12	8.17	25.47	5.78	4.00	9.26	27.31	6.77	2.42	12.13	29.55	9.40	6.63	14.70	31.46	11.84	43.59	17.21	32.86	14.35	187.53	18.50	30.45	16.17	187.89	17.25	27.26	15.21	161.70	16.74	27.50	14.77	130.05	16.41	27.14	14.48	60.54	14.43	27.47	12.44	17.88	11.70	27.37	9.29	10.11	9.33	25.74	7.03
16095	1624.00	29.33	8.13	24.72	6.20	3.89	9.28	26.26	7.35	2.70	12.02	28.55	9.63	7.02	14.53	30.43	11.73	37.29	16.89	31.94	14.17	165.12	18.03	29.37	15.83	182.50	16.71	25.97	14.88	154.57	16.26	26.27	14.54	111.66	15.90	26.23	14.29	54.44	13.83	26.75	12.03	17.82	11.54	26.85	9.48	8.43	9.29	24.89	7.50
16107	685.00	19.65	13.53	32.67	11.25	2.86	14.57	34.64	12.45	4.15	16.32	37.22	14.09	2.61	19.73	39.33	16.86	28.40	22.47	39.52	19.77	208.11	22.85	35.38	21.04	330.34	20.92	31.48	19.50	309.72	20.45	31.03	19.18	267.00	20.33	30.68	19.20	101.31	19.24	31.82	17.80	17.64	16.55	32.80	14.75	4.19	14.00	32.61	12.19
16118	2056.00	28.86	7.56	22.91	2.50	4.59	8.82	23.97	3.63	2.91	10.35	26.11	4.47	3.30	12.81	27.63	6.36	27.75	13.63	28.79	7.76	128.10	14.09	27.29	8.71	152.18	13.39	25.10	8.05	139.90	14.02	25.96	8.66	95.67	13.63	26.14	8.47	46.56	12.31	25.32	6.45	7.38	9.80	24.69	4.11	5.12	8.25	23.21	2.96
16120	2048.00	15.22	4.30	23.40	2.27	8.32	5.57	25.58	3.35	8.15	8.05	28.27	4.72	11.31	11.00	29.94	7.00	37.57	13.67	30.18	10.06	134.79	15.35	27.48	12.82	183.80	14.50	24.89	12.30	186.68	14.33	24.65	12.28	153.93	13.91	24.35	11.80	52.51	11.18	24.44	8.82	18.87	7.53	24.17	5.15	7.66	5.24	23.30	3.00
16124	2409.00	16.62	2.07	19.88	0.16	11.90	3.71	21.51	1.48	13.58	6.66	23.29	3.71	30.54	10.38	24.81	6.12	49.26	13.07	25.28	8.47	119.19	14.25	22.93	10.48	183.64	13.37	21.19	10.46	149.20	12.90	21.13	10.26	129.90	12.20	20.65	9.86	66.09	9.31	20.63	6.57	18.51	5.93	20.78	2.93	6.29	3.08	20.06	0.72
16133	900.00	21.67	12.66	31.06	10.62	2.83	13.18	33.02	10.99	5.64	15.17	34.79	12.12	1.74	17.93	36.80	14.26	29.02	20.43	36.90	17.01	164.85	22.01	34.25	19.53	217.16	20.97	31.98	18.73	181.63	20.60	31.60	18.51	140.88	20.28	31.37	18.29	56.02	18.85	31.51	16.61	24.03	16.52	31.48	14.16	5.36	14.11	30.80	11.80
16136	1540.00	31.78	12.78	24.13	10.04	7.59	13.93	26.06	11.09	4.65	16.10	28.64	12.80	9.45	19.18	30.19	14.56	46.00	20.34	30.60	16.08	186.15	19.35	27.80	16.27	267.53	18.44	25.58	15.81	251.75	18.23	25.59	15.59	211.17	18.07	25.37	15.57	85.41	17.45	25.41	14.68	23.07	16.12	25.38	12.97	9.89	13.80	24.62	10.99
16141	1524.00	16.00	10.53	25.79	6.24	4.59	11.96	27.59	7.58	3.66	13.81	29.82	9.35	6.21	16.91	32.21	11.98	22.26	19.80	33.67	14.29	165.99	20.44	31.91	14.83	202.96	18.94	28.69	13.86	168.76	18.65	28.83	14.10	129.99	18.32	28.53	13.73	45.94	16.86	28.41	12.23	9.15	14.13	27.65	9.14	4.90	12.02	26.30	7.05
16142	1986.00	22.35	5.08	21.97	3.00	6.44	6.32	23.75	3.92	6.29	9.68	26.28	6.40	13.56	13.02	27.95	9.33	41.60	15.56	28.58	11.91	141.84	16.91	26.61	13.73	217.47	15.28	23.94	12.76	197.69	14.59	23.59	12.51	157.62	13.53	22.87	11.67	68.63	11.22	22.95	9.30	12.54	8.76	23.49	6.52	13.86	6.32	21.94	4.29
16151	940.00	48.61	13.67	29.20	12.05	2.60	13.71	30.00	11.82	1.92	14.44	30.95	12.15	0.63	16.11	32.25	13.78	22.54	18.91	32.64	16.24	122.97	21.06	30.96	19.12	175.12	20.92	30.03	19.06	171.93	20.27	29.69	18.67	180.18	19.93	29.06	18.51	121.49	19.32	29.79	17.81	24.03	17.73	30.27	15.94	8.74	15.70	29.99	14.00
16159	1720.00	10.29	10.08	25.17	7.03	5.18	11.46	26.68	8.11	3.35	13.37	29.03	9.77	5.97	15.38	31.12	11.78	32.30	17.43	32.11	13.61	132.06	17.59	29.33	14.68	200.07	16.85	26.20	14.03	177.94	16.43	25.92	13.92	134.40	16.09	25.87	13.60	46.84	14.01	26.18	11.32	11.49	12.58	26.17	9.48	5.08	11.27	25.48	7.85
16162	1633.00	16.06	8.58	24.95	6.07	5.38	9.48	26.64	6.98	4.37	11.07	28.92	8.32	5.46	13.84	30.85	10.64	48.67	16.32	31.32	13.31	153.99	17.25	29.52	15.10	205.28	16.32	26.31	14.39	190.31	16.27	26.26	14.08	125.55	15.70	26.29	13.54	39.68	13.75	26.63	11.26	12.51	10.92	26.38	8.08	8.84	8.93	25.24	6.55
16165	1611.00	52.33	9.74	24.33	8.18	6.36	10.12	26.06	8.58	4.68	11.68	28.06	9.89	4.71	14.07	29.56	11.59	28.68	15.94	29.74	13.35	271.11	17.31	27.20	15.23	298.03	16.55	25.84	14.68	319.98	16.39	25.74	14.52	264.57	16.25	25.54	14.47	136.90	14.64	25.94	13.06	28.41	12.83	25.74	11.24	12.65	10.99	24.63	9.57
16188	2500.00	26.16	4.06	22.52	1.43	4.12	5.33	23.83	2.59	5.39	8.14	26.02	4.66	12.96	11.63	27.73	7.51	43.99	14.07	28.34	9.81	117.24	15.63	26.63	12.03	167.87	15.15	23.48	12.42	180.17	14.90	23.10	12.46	150.54	14.36	22.78	11.96	59.52	11.07	23.20	8.44	14.82	7.63	23.79	4.45	9.18	5.04	23.09	2.17
16194	1600.00	39.34	9.39	24.82	5.97	6.02	9.66	26.49	6.45	2.91	11.42	28.74	7.70	3.75	13.58	30.78	9.16	24.03	15.25	31.28	10.78	175.59	15.81	28.31	11.98	266.63	15.09	25.67	11.41	272.30	15.51	25.69	12.04	204.00	15.86	25.52	12.62	101.03	14.66	25.88	11.00	26.82	12.61	25.77	8.87	10.42	10.65	25.25	7.14
16219	530.00	16.77	14.23	34.39	12.64	1.51	16.36	36.32	14.65	4.46	18.93	38.72	17.02	1.41	22.20	40.87	19.99	26.60	24.75	41.04	22.43	174.30	24.85	37.05	22.78	219.33	22.79	33.36	21.19	202.18	22.56	33.26	21.05	184.62	22.44	32.68	20.95	78.40	21.32	33.75	19.62	14.94	17.98	34.59	16.39	5.30	15.27	34.23	13.73
16225	1980.00	14.51	4.21	23.72	1.89	6.05	5.43	25.38	2.85	6.48	7.90	27.89	4.91	10.83	10.72	29.67	7.34	35.03	13.78	30.57	10.24	156.24	15.57	28.11	12.59	210.03	14.55	25.55	12.13	204.82	14.14	25.35	11.81	160.86	13.75	25.22	11.26	56.51	10.97	25.04	8.39	15.30	7.28	24.83	4.83	8.74	5.27	23.84	2.85
16228	1000.00	21.39	17.22	28.49	14.37	1.68	18.14	30.17	14.52	2.42	18.99	31.72	15.12	0.18	21.28	33.50	16.87	16.18	22.45	33.67	18.19	187.77	22.10	31.07	18.93	245.02	20.93	27.83	17.96	237.89	20.77	27.85	17.91	204.63	20.52	27.61	17.72	74.43	20.43	28.22	17.16	13.17	19.48	28.80	16.22	4.84	18.44	28.68	15.30
16248	2020.00	9.83	8.70	22.97	2.54	5.99	8.46	24.39	3.21	5.55	9.88	26.57	4.80	7.35	12.47	28.34	7.30	39.49	14.86	29.15	10.37	123.33	16.26	26.66	12.42	173.79	15.40	24.31	12.06	157.11	15.29	24.45	11.91	140.49	14.80	24.09	11.75	56.85	13.40	24.10	9.28	16.44	11.18	24.33	5.78	5.92	9.83	23.16	3.26
16254	2350.00	13.39	6.90	23.30	4.70	4.03	8.31	25.01	5.75	2.73	10.00	27.35	7.04	8.76	12.22	29.08	9.03	28.43	13.62	29.26	10.54	140.52	13.84	26.13	10.92	174.16	13.04	24.02	10.44	161.29	12.82	23.57	10.37	117.03	12.48	23.12	10.01	60.98	10.84	23.55	8.35	12.33	9.13	23.92	6.83	3.66	7.49	23.52	5.34
16255	1800.00	15.81	8.14	18.57	4.25	5.80	8.63	19.83	4.80	3.41	10.10	21.72	5.90	7.56	12.20	23.66	7.75	35.84	13.50	24.32	9.28	151.14	12.87	22.14	9.07	210.68	12.35	20.50	8.77	220.19	12.36	20.58	8.84	130.77	11.97	20.33	8.13	52.64	11.12	19.87	7.21	16.80	9.69	19.48	5.62	5.27	8.00	18.78	4.47
16028	1840.00	13.05	5.63	23.94	2.83	6.36	6.52	25.48	3.71	7.53	8.79	27.96	5.30	18.21	11.91	29.38	7.94	32.98	14.79	30.23	10.59	122.37	15.96	27.97	12.56	154.66	15.04	25.86	12.37	142.48	14.71	25.73	12.29	114.42	14.02	25.35	11.59	42.32	11.57	25.62	8.70	14.49	7.87	25.06	4.87	5.98	5.84	24.15	3.05
16109	1020.00	15.62	15.09	30.51	13.31	2.77	16.12	31.61	14.29	3.81	18.29	33.82	16.41	1.89	20.09	35.70	18.28	33.73	21.42	36.72	19.56	189.78	20.81	34.56	18.78	260.37	19.77	31.15	17.84	245.27	19.92	30.87	18.01	193.50	19.46	30.45	17.65	85.99	18.62	30.86	16.79	18.57	17.52	31.03	15.67	1.98	15.89	30.98	13.98
16123	1755.00	34.84	14.81	26.36	6.16	4.98	15.44	27.49	6.89	4.15	16.83	29.37	8.28	6.39	18.66	31.27	10.17	56.48	19.49	31.48	11.09	207.75	18.58	28.38	11.30	299.46	17.77	26.50	10.65	221.93	17.89	26.45	10.49	210.63	17.76	25.85	10.50	83.70	17.46	26.64	9.57	18.18	17.43	27.20	8.31	3.72	16.60	26.65	7.20
16192	1720.00	33.76	10.12	24.12	8.58	6.64	10.70	25.47	8.81	16.93	12.12	27.20	9.61	9.57	14.43	29.04	11.33	31.00	16.73	29.54	13.25	172.56	17.39	26.64	14.68	185.35	16.17	25.10	13.72	170.84	15.66	24.98	13.50	150.06	15.60	24.94	13.58	59.71	14.62	25.13	12.52	15.30	13.05	25.16	10.87	8.56	11.15	24.29	9.15
16208	45.00	42.81	18.46	30.68	16.96	1.54	18.46	30.90	16.89	0.09	18.86	31.08	16.86	0.03	20.38	31.44	17.92	12.18	23.12	32.52	20.53	123.66	25.42	33.09	23.13	142.17	25.20	32.76	23.29	193.25	24.61	32.45	23.01	224.19	24.18	32.00	22.72	88.63	23.65	32.02	22.17	24.63	22.24	31.75	20.56	12.43	19.86	31.17	18.44
16515	1910.00	33.05	7.35	21.07	5.25	6.55	7.85	22.66	5.33	5.89	9.48	24.58	6.08	3.09	12.20	26.63	7.99	36.33	13.77	27.11	9.60	214.89	14.53	23.59	11.74	192.94	13.55	22.37	11.21	179.74	13.43	22.56	11.12	179.34	13.34	22.17	11.04	131.10	12.25	22.08	9.57	37.41	10.43	22.44	7.52	13.83	8.13	21.33	5.75